0.103736    0.9999905   -0.0027299   -0.0033950   -0.0010976     0.0027234    0.9999945   -0.0019022   -0.0068837     0.0034002    0.0018930    0.9999924    0.6765977 
0.207338    0.9999709   -0.0019753   -0.0073642   -0.0154825     0.0019527    0.9999934   -0.0030697   -0.0149173     0.0073702    0.0030553    0.9999682    1.3756507 
0.311075    0.9999311   -0.0030479   -0.0113339   -0.0301900     0.0030011    0.9999869   -0.0041459   -0.0250044     0.0113464    0.0041116    0.9999272    2.0910963 
0.414692    0.9998647   -0.0020719   -0.0163181   -0.0496375     0.0019983    0.9999878   -0.0045233   -0.0317718     0.0163273    0.0044901    0.9998566    2.8206407 
0.51843    0.9997806   -0.0031112   -0.0207147   -0.0705296     0.0030167    0.9999849   -0.0045888   -0.0406399     0.0207287    0.0045253    0.9997749    3.5610827 
0.622045    0.9996767   -0.0012776   -0.0253955   -0.0954906     0.0011249    0.9999812   -0.0060277   -0.0498944     0.0254028    0.0059971    0.9996593    4.3189219 
0.725798    0.9995428    0.0013163   -0.0302079   -0.1305928    -0.0015079    0.9999789   -0.0063204   -0.0615322     0.0301990    0.0063631    0.9995237    5.0937097 
0.82942    0.9994166    0.0020152   -0.0340937   -0.1679160    -0.0021673    0.9999879   -0.0044269   -0.0754121     0.0340844    0.0044983    0.9994088    5.8736806 
0.933147    0.9992535    0.0011694   -0.0386142   -0.2030369    -0.0012320    0.9999980   -0.0015978   -0.0856204     0.0386123    0.0016442    0.9992529    6.6863225 
1.03691    0.9991106    0.0010793   -0.0421526   -0.2408810    -0.0010427    0.9999991    0.0008903   -0.0920799     0.0421535   -0.0008455    0.9991108    7.4986621 
1.1405    0.9989849    0.0029144   -0.0449509   -0.2830630    -0.0029017    0.9999957    0.0003488   -0.1011081     0.0449518   -0.0002180    0.9989891    8.3144400 
1.24424    0.9988957    0.0024287   -0.0469197   -0.3304799    -0.0024289    0.9999970    0.0000539   -0.1050882     0.0469197    0.0000601    0.9988987    9.1378877 
1.34798    0.9988103   -0.0014831   -0.0487427   -0.3691501     0.0014701    0.9999989   -0.0003016   -0.1154168     0.0487431    0.0002296    0.9988113    9.9761476 
1.4516    0.9986960   -0.0017986   -0.0510201   -0.4143196     0.0018195    0.9999983    0.0003625   -0.1210465     0.0510194   -0.0004549    0.9986976   10.8133686 
1.55521    0.9986195   -0.0029571   -0.0524433   -0.4621879     0.0029681    0.9999956    0.0001322   -0.1290024     0.0524427   -0.0002877    0.9986239   11.6635659 
1.65896    0.9985164   -0.0010797   -0.0544419   -0.5126745     0.0009623    0.9999972   -0.0021835   -0.1378640     0.0544441    0.0021279    0.9985146   12.5268276 
1.76257    0.9984170   -0.0009895   -0.0562362   -0.5614820     0.0007255    0.9999886   -0.0047142   -0.1447948     0.0562402    0.0046659    0.9984064   13.3922577 
1.8663    0.9983158    0.0030352   -0.0579347   -0.6239268    -0.0033985    0.9999752   -0.0061721   -0.1560572     0.0579145    0.0063586    0.9983013   14.2695160 
1.96992    0.9982528    0.0034836   -0.0589856   -0.6816466    -0.0038366    0.9999754   -0.0058728   -0.1662503     0.0589637    0.0060888    0.9982416   15.1645629 
2.07367    0.9981687    0.0023494   -0.0604459   -0.7367603    -0.0026013    0.9999883   -0.0040899   -0.1827481     0.0604356    0.0042396    0.9981631   16.0642900 
2.17728    0.9980903    0.0032939   -0.0616832   -0.8020319    -0.0034649    0.9999904   -0.0026665   -0.1914415     0.0616738    0.0028751    0.9980922   16.9603626 
2.28102    0.9980416    0.0024759   -0.0625050   -0.8650934    -0.0026248    0.9999939   -0.0023006   -0.2071196     0.0624989    0.0024602    0.9980420   17.8658425 
2.38464    0.9979223    0.0022208   -0.0643912   -0.9206508    -0.0023973    0.9999936   -0.0026643   -0.2230452     0.0643849    0.0028131    0.9979212   18.7727164 
2.48825    0.9978565    0.0009745   -0.0654332   -0.9833479    -0.0012019    0.9999934   -0.0034362   -0.2303388     0.0654294    0.0035075    0.9978510   19.6818500 
2.59199    0.9978133    0.0005899   -0.0660922   -1.0428525    -0.0006954    0.9999985   -0.0015732   -0.2420622     0.0660911    0.0016157    0.9978123   20.6153296 
2.69583    0.9978132    0.0019721   -0.0660682   -1.1106226    -0.0018645    0.9999968    0.0016893   -0.2513429     0.0660713   -0.0015624    0.9978137   21.5401177 
2.79937    0.9978657    0.0028723   -0.0652362   -1.1765938    -0.0025051    0.9999806    0.0057090   -0.2651577     0.0652513   -0.0055334    0.9978535   22.4682013 
2.90308    0.9979646    0.0018033   -0.0637455   -1.2423830    -0.0012718    0.9999641    0.0083770   -0.2648662     0.0637584   -0.0082789    0.9979310   23.4049413 
3.00677    0.9980547    0.0020090   -0.0623122   -1.3016045    -0.0014417    0.9999571    0.0091485   -0.2700273     0.0623279   -0.0090409    0.9980148   24.3456794 
3.11044    0.9981249    0.0025107   -0.0611584   -1.3636172    -0.0021585    0.9999807    0.0058245   -0.2622656     0.0611719   -0.0056815    0.9981111   25.2999628 
3.21406    0.9981878    0.0037238   -0.0600595   -1.4291114    -0.0036698    0.9999928    0.0010094   -0.2667325     0.0600629   -0.0007871    0.9981943   26.2496053 
3.31767    0.9982572    0.0027250   -0.0589509   -1.4863032    -0.0028407    0.9999942   -0.0018793   -0.2737891     0.0589455    0.0020434    0.9982591   27.2056712 
3.42129    0.9983040   -0.0000443   -0.0582167   -1.5471395    -0.0000008    0.9999997   -0.0007753   -0.2799161     0.0582168    0.0007740    0.9983037   28.1666145 
3.52493    0.9982496   -0.0025768   -0.0590862   -1.5962840     0.0028003    0.9999892    0.0036999   -0.2799643     0.0590761   -0.0038589    0.9982460   29.1480582 
3.62854    0.9981874   -0.0063425   -0.0598474   -1.6545652     0.0067615    0.9999540    0.0068021   -0.2819223     0.0598015   -0.0071944    0.9981844   30.1229038 
3.73226    0.9980219   -0.0138128   -0.0613308   -1.6958973     0.0142110    0.9998806    0.0060623   -0.2869582     0.0612398   -0.0069219    0.9980991   31.1006396 
3.83587    0.9978958   -0.0160877   -0.0628111   -1.7566636     0.0162815    0.9998641    0.0025744   -0.2998183     0.0627611   -0.0035916    0.9980221   32.0869014 
3.93949    0.9977980   -0.0164298   -0.0642582   -1.8184974     0.0164047    0.9998650   -0.0009182   -0.3149377     0.0642647   -0.0001380    0.9979329   33.0727460 
4.04311    0.9976563   -0.0149605   -0.0667686   -1.8863368     0.0148692    0.9998877   -0.0018645   -0.3170487     0.0667890    0.0008673    0.9977667   34.0647299 
4.14689    0.9976324   -0.0146201   -0.0671995   -1.9585664     0.0146275    0.9998929   -0.0003818   -0.3284114     0.0671979   -0.0006020    0.9977395   35.0662553 
4.25046    0.9975636   -0.0118018   -0.0687577   -2.0315901     0.0119957    0.9999252    0.0024074   -0.3401219     0.0687242   -0.0032263    0.9976305   36.0638060 
4.3542    0.9975027   -0.0116930   -0.0696534   -2.1097801     0.0119975    0.9999202    0.0039549   -0.3551022     0.0696016   -0.0047807    0.9975634   37.0694952 
4.45794    0.9974492   -0.0102874   -0.0706343   -2.1857202     0.0107916    0.9999189    0.0067603   -0.3691636     0.0705590   -0.0075053    0.9974794   38.0565724 
4.56156    0.9974606   -0.0107263   -0.0704082   -2.2614258     0.0114285    0.9998888    0.0095788   -0.3705405     0.0702977   -0.0103591    0.9974723   39.0545325 
4.66529    0.9974373   -0.0058960   -0.0713023   -2.3404608     0.0067497    0.9999083    0.0117383   -0.3714699     0.0712266   -0.0121895    0.9973857   40.0481516 
4.76891    0.9974021   -0.0062448   -0.0717639   -2.4118452     0.0070640    0.9999127    0.0111674   -0.3768108     0.0716879   -0.0116454    0.9973591   41.0567497 
4.87253    0.9974195   -0.0061657   -0.0715283   -2.4873283     0.0068656    0.9999309    0.0095428   -0.3783904     0.0714645   -0.0100093    0.9973929   42.0505912 
4.97615    0.9974314   -0.0037945   -0.0715271   -2.5669685     0.0043253    0.9999642    0.0072680   -0.3834152     0.0714969   -0.0075587    0.9974122   43.0434806 
5.07991    0.9973846   -0.0040947   -0.0721607   -2.6468263     0.0046449    0.9999614    0.0074590   -0.3904293     0.0721274   -0.0077747    0.9973651   44.0426942 
5.1835    0.9972736   -0.0060911   -0.0735415   -2.7182602     0.0067657    0.9999373    0.0089285   -0.3987925     0.0734825   -0.0094017    0.9972522   45.0292291 
5.28712    0.9972076   -0.0055080   -0.0744763   -2.7951911     0.0062548    0.9999324    0.0097978   -0.4064062     0.0744173   -0.0102363    0.9971746   46.0149522 
5.39086    0.9972284   -0.0031314   -0.0743356   -2.8819212     0.0036290    0.9999719    0.0065601   -0.4221786     0.0743130   -0.0068117    0.9972117   46.9947928 
5.49447    0.9971659   -0.0029850   -0.0751744   -2.9602357     0.0031559    0.9999927    0.0021544   -0.4245489     0.0751674   -0.0023855    0.9971681   47.9620881 
5.59823    0.9971103   -0.0022422   -0.0759338   -3.0372224     0.0022991    0.9999971    0.0006617   -0.4292126     0.0759321   -0.0008343    0.9971126   48.9392402 
5.70183    0.9970873   -0.0036090   -0.0761834   -3.1116060     0.0039484    0.9999829    0.0043041   -0.4465597     0.0761666   -0.0045924    0.9970845   49.9197656 
5.80557    0.9970698   -0.0049147   -0.0763392   -3.1847732     0.0054861    0.9999585    0.0072766   -0.4538094     0.0763003   -0.0076741    0.9970554   50.8915161 
5.90918    0.9970115   -0.0071492   -0.0769213   -3.2523938     0.0077821    0.9999383    0.0079312   -0.4635107     0.0768599   -0.0085061    0.9970056   51.8543576 
6.01292    0.9969751   -0.0100234   -0.0770731   -3.3276656     0.0105606    0.9999227    0.0065646   -0.4704263     0.0770013   -0.0073587    0.9970038   52.8136335 
6.11654    0.9969099   -0.0132541   -0.0774274   -3.4018038     0.0136996    0.9998925    0.0052256   -0.4781719     0.0773499   -0.0062701    0.9969843   53.7724409 
6.22028    0.9967940   -0.0154576   -0.0785039   -3.4782276     0.0160099    0.9998513    0.0064100   -0.4863353     0.0783931   -0.0076463    0.9968932   54.7189522 
6.3239    0.9966436   -0.0183971   -0.0797688   -3.5503302     0.0192710    0.9997623    0.0101996   -0.4924963     0.0795622   -0.0117026    0.9967612   55.6742153 
6.42766    0.9965469   -0.0196982   -0.0806610   -3.6211327     0.0209893    0.9996643    0.0151905   -0.4941330     0.0803346   -0.0168311    0.9966258   56.6168051 
6.53138    0.9965166   -0.0180972   -0.0814077   -3.6988611     0.0195710    0.9996581    0.0173419   -0.4963888     0.0810661   -0.0188747    0.9965300   57.5697520 
6.63499    0.9964410   -0.0165728   -0.0826474   -3.7835309     0.0177302    0.9997545    0.0132896   -0.4973927     0.0824069   -0.0147077    0.9964902   58.5098480 
6.73874    0.9963401   -0.0153797   -0.0840829   -3.8640651     0.0158866    0.9998594    0.0053624   -0.4994552     0.0839886   -0.0066786    0.9964443   59.4353281 
6.84235    0.9962919   -0.0141207   -0.0848703   -3.9477247     0.0142122    0.9998989    0.0004743   -0.5057722     0.0848550   -0.0016787    0.9963919   60.3470043 
6.94596    0.9962538   -0.0095159   -0.0859527   -4.0339118     0.0096624    0.9999525    0.0012891   -0.5163004     0.0859364   -0.0021148    0.9962984   61.2512808 
7.04971    0.9961589   -0.0067836   -0.0873009   -4.1196730     0.0071343    0.9999677    0.0037066   -0.5320917     0.0872730   -0.0043152    0.9961751   62.1414400 
7.15332    0.9960777   -0.0044304   -0.0883718   -4.2028702     0.0049038    0.9999748    0.0051403   -0.5408228     0.0883467   -0.0055535    0.9960743   63.0353051 
7.25693    0.9959798   -0.0037149   -0.0895006   -4.2857260     0.0041637    0.9999797    0.0048285   -0.5475750     0.0894809   -0.0051817    0.9959751   63.8922382 
7.36055    0.9958241   -0.0018739   -0.0912738   -4.3659095     0.0023720    0.9999829    0.0053497   -0.5569113     0.0912622   -0.0055439    0.9958115   64.7402884 
7.46417    0.9956934   -0.0009165   -0.0927026   -4.4433605     0.0014538    0.9999825    0.0057285   -0.5660054     0.0926958   -0.0058386    0.9956774   65.5784225 
7.56779    0.9955365   -0.0020307   -0.0943560   -4.5202072     0.0026237    0.9999776    0.0061611   -0.5719323     0.0943413   -0.0063812    0.9955195   66.4038874 
7.6714    0.9954113   -0.0022347   -0.0956625   -4.5984343     0.0029218    0.9999709    0.0070437   -0.5764748     0.0956439   -0.0072909    0.9953889   67.2140946 
7.77514    0.9952517    0.0000637   -0.0973350   -4.6795925     0.0008701    0.9999540    0.0095516   -0.5813322     0.0973311   -0.0095910    0.9952058   68.0142315 
7.87875    0.9951050    0.0013106   -0.0988146   -4.7659777     0.0000254    0.9999086    0.0135182   -0.5856809     0.0988233   -0.0134546    0.9950140   68.8104056 
7.98249    0.9949101    0.0040975   -0.1006836   -4.8493826    -0.0025855    0.9998820    0.0151431   -0.5899955     0.1007338   -0.0148057    0.9948032   69.5886228 
8.08611    0.9947646    0.0064629   -0.1019882   -4.9362357    -0.0053721    0.9999254    0.0109662   -0.5980986     0.1020515   -0.0103609    0.9947252   70.3412443 
8.18985    0.9946191    0.0061226   -0.1034185   -5.0117874    -0.0057870    0.9999770    0.0035446   -0.6074237     0.1034378   -0.0029270    0.9946316   71.0683520 
8.29347    0.9944709    0.0048624   -0.1048997   -5.0915293    -0.0051285    0.9999843   -0.0022671   -0.6148777     0.1048871    0.0027926    0.9944802   71.7739260 
8.3971    0.9944088    0.0056908   -0.1054455   -5.1653586    -0.0061111    0.9999746   -0.0036636   -0.6190066     0.1054220    0.0042876    0.9944183   72.4720589 
8.50085    0.9942931    0.0082202   -0.1063653   -5.2479113    -0.0082790    0.9999657   -0.0001110   -0.6292999     0.1063607    0.0009910    0.9943271   73.1482849 
8.60444    0.9941335    0.0080914   -0.1078568   -5.3227897    -0.0078764    0.9999661    0.0024192   -0.6492823     0.1078728   -0.0015555    0.9941635   73.8060982 
8.70818    0.9940757    0.0048128   -0.1085834   -5.3940686    -0.0049297    0.9999875   -0.0008078   -0.6629964     0.1085782    0.0013383    0.9940870   74.4385910 
8.8118    0.9940363   -0.0038166   -0.1089828   -5.4481911     0.0032061    0.9999782   -0.0057768   -0.6759556     0.1090025    0.0053929    0.9940268   75.0603153 
8.9154    0.9941480   -0.0079699   -0.1077318   -5.5100337     0.0068827    0.9999216   -0.0104593   -0.6875494     0.1078067    0.0096566    0.9941250   75.6553897 
9.01916    0.9944959   -0.0055421   -0.1046292   -5.5780958     0.0044800    0.9999361   -0.0103831   -0.7023324     0.1046800    0.0098572    0.9944571   76.2434686 
9.12289    0.9949137   -0.0010100   -0.1007263   -5.6407226     0.0002466    0.9999712   -0.0075913   -0.7085365     0.1007311    0.0075278    0.9948852   76.8172438 
9.22651    0.9953548   -0.0030710   -0.0962262   -5.6891514     0.0026589    0.9999867   -0.0044112   -0.7191273     0.0962385    0.0041348    0.9953497   77.3751159 
9.33025    0.9958448   -0.0068565   -0.0908078   -5.7251353     0.0068822    0.9999763   -0.0000308   -0.7305222     0.0908058   -0.0005943    0.9958684   77.9307474 
9.43399    0.9965033   -0.0113981   -0.0827728   -5.7582036     0.0117332    0.9999248    0.0035636   -0.7433666     0.0827260   -0.0045223    0.9965621   78.4570048 
9.53775    0.9973503   -0.0080473   -0.0723022   -5.7911696     0.0083395    0.9999582    0.0037410   -0.7542759     0.0722691   -0.0043340    0.9973758   78.9663873 
9.64159    0.9983787   -0.0026827   -0.0568568   -5.8297919     0.0028923    0.9999893    0.0036056   -0.7669364     0.0568465   -0.0037642    0.9983758   79.4756152 
9.74534    0.9992374    0.0023255   -0.0389778   -5.8456466    -0.0021728    0.9999898    0.0039577   -0.7636022     0.0389866   -0.0038700    0.9992322   79.9722394 
9.84923    0.9998520    0.0004649   -0.0171961   -5.8371125    -0.0003795    0.9999876    0.0049701   -0.7697085     0.0171982   -0.0049628    0.9998398   80.4520337 
9.95306    0.9999542   -0.0034108    0.0089400   -5.8111309     0.0033546    0.9999746    0.0062905   -0.7766811    -0.0089612   -0.0062602    0.9999403   80.9194952 
10.0569    0.9992400   -0.0046340    0.0387033   -5.7787287     0.0043133    0.9999557    0.0083659   -0.7812736    -0.0387404   -0.0081926    0.9992157   81.3764047 
10.1608    0.9974203   -0.0058787    0.0715416   -5.7245711     0.0051279    0.9999299    0.0106736   -0.7898684    -0.0715994   -0.0102792    0.9973805   81.8251591 
10.2647    0.9940088   -0.0062310    0.1091227   -5.6548433     0.0049983    0.9999206    0.0115660   -0.7913134    -0.1091861   -0.0109513    0.9939610   82.2698654 
10.3687    0.9885249   -0.0061294    0.1509335   -5.5644785     0.0043877    0.9999199    0.0118696   -0.7909055    -0.1509942   -0.0110712    0.9884727   82.7049136 
10.4726    0.9806323   -0.0070006    0.1957327   -5.4453059     0.0045774    0.9999072    0.0128296   -0.7991732    -0.1958044   -0.0116852    0.9805733   83.1298126 
10.5766    0.9695326   -0.0050778    0.2449098   -5.3176588     0.0023290    0.9999310    0.0115120   -0.8068275    -0.2449513   -0.0105908    0.9694775   83.5376904 
10.6806    0.9545241   -0.0031761    0.2981168   -5.1623524     0.0006521    0.9999631    0.0085655   -0.8013720    -0.2981330   -0.0079816    0.9544910   83.9360039 
10.7846    0.9353373   -0.0031105    0.3537436   -4.9795225     0.0003853    0.9999697    0.0077739   -0.8098199    -0.3537570   -0.0071349    0.9353101   84.3110347 
10.8887    0.9116212   -0.0024392    0.4110242   -4.7843782    -0.0001145    0.9999808    0.0061882   -0.8075884    -0.4110314   -0.0056884    0.9116034   84.6582993 
10.9927    0.8830570   -0.0022255    0.4692605   -4.5641277    -0.0000206    0.9999886    0.0047814   -0.8068353    -0.4692658   -0.0042319    0.8830468   84.9954685 
11.0966    0.8502864   -0.0044261    0.5263017   -4.3197690     0.0024904    0.9999873    0.0043863   -0.8187663    -0.5263144   -0.0024189    0.8502866   85.3015948 
11.2006    0.8139515   -0.0048221    0.5809129   -4.0596505     0.0031157    0.9999874    0.0039353   -0.8215195    -0.5809245   -0.0013932    0.8139562   85.5929091 
11.3043    0.7743624   -0.0065985    0.6327079   -3.7848183     0.0038054    0.9999761    0.0057712   -0.8274688    -0.6327309   -0.0020613    0.7743690   85.8669597 
11.4082    0.7320980   -0.0070335    0.6811630   -3.4919378     0.0018092    0.9999632    0.0083809   -0.8281972    -0.6811969   -0.0049033    0.7320838   86.1243277 
11.5119    0.6873483   -0.0085849    0.7262772   -3.1855248     0.0017829    0.9999471    0.0101324   -0.8374964    -0.7263258   -0.0056697    0.6873272   86.3542648 
11.6155    0.6413852   -0.0100981    0.7671525   -2.8656618     0.0047505    0.9999465    0.0091907   -0.8379165    -0.7672043   -0.0022505    0.6413989   86.5587305 
11.7193    0.5950734   -0.0134810    0.8035583   -2.5351094     0.0090280    0.9999083    0.0100894   -0.8521551    -0.8036207    0.0012506    0.5951405   86.7388881 
11.8228    0.5487758   -0.0114702    0.8358909   -2.2041373     0.0072670    0.9999335    0.0089504   -0.8501823    -0.8359380    0.0011627    0.5488226   86.9096329 
11.9264    0.5016654   -0.0083681    0.8650213   -1.8679740     0.0027223    0.9999635    0.0080947   -0.8505841    -0.8650575   -0.0017060    0.5016699   87.0741307 
12.03    0.4562232   -0.0065123    0.8898415   -1.5320837     0.0011798    0.9999768    0.0067135   -0.8571274    -0.8898646   -0.0020130    0.4562203   87.2128652 
12.1336    0.4138139   -0.0097769    0.9103090   -1.1846812     0.0070241    0.9999469    0.0075466   -0.8667663    -0.9103344    0.0032712    0.4138606   87.3252211 
12.2371    0.3745108   -0.0173458    0.9270603   -0.8143581     0.0213424    0.9997214    0.0100834   -0.8613440    -0.9269769    0.0160093    0.3747767   87.4135003 
12.3406    0.3392048   -0.0213997    0.9404691   -0.4523021     0.0251117    0.9995909    0.0136878   -0.8617171    -0.9403773    0.0189738    0.3396035   87.5060591 
12.4441    0.3061577   -0.0173649    0.9518224   -0.0882061     0.0219855    0.9996959    0.0111666   -0.8628355    -0.9517269    0.0175075    0.3064464   87.6057651 
12.5477    0.2754481   -0.0096716    0.9612673    0.2790743     0.0105473    0.9999196    0.0070382   -0.8722440    -0.9612581    0.0082001    0.2755280   87.7075234 
12.6511    0.2473152   -0.0051366    0.9689215    0.6580604     0.0053947    0.9999777    0.0039243   -0.8822771    -0.9689201    0.0042565    0.2473374   87.7932438 
12.7547    0.2217414   -0.0037012    0.9750985    1.0566435     0.0070306    0.9999729    0.0021969   -0.8897178    -0.9750802    0.0063684    0.2217614   87.8641189 
12.8581    0.1982370   -0.0024562    0.9801510    1.4556556     0.0144654    0.9998953   -0.0004200   -0.8906637    -0.9800474    0.0142615    0.1982518   87.9173740 
12.9617    0.1780651    0.0034622    0.9840126    1.8663384     0.0215834    0.9997395   -0.0074232   -0.8829996    -0.9837820    0.0225602    0.1779440   87.9652523 
13.0652    0.1586093    0.0105027    0.9872856    2.2860815     0.0234923    0.9996202   -0.0144080   -0.8721297    -0.9870619    0.0254788    0.1583023   88.0142323 
13.1688    0.1413208    0.0111408    0.9899012    2.7255172     0.0207578    0.9996835   -0.0142143   -0.8800784    -0.9897462    0.0225569    0.1410448   88.0694492 
13.2723    0.1262258    0.0066173    0.9919795    3.1808220     0.0197338    0.9997631   -0.0091803   -0.8927129    -0.9918052    0.0207344    0.1260653   88.1200157 
13.3759    0.1117123    0.0034116    0.9937347    3.6530187     0.0201027    0.9997817   -0.0056923   -0.9035148    -0.9935372    0.0206126    0.1116193   88.1670089 
13.4795    0.0983925    0.0009183    0.9951473    4.1388356     0.0219889    0.9997534   -0.0030967   -0.9115006    -0.9949047    0.0221868    0.0983481   88.2051115 
13.5831    0.0871098    0.0001080    0.9961987    4.6384153     0.0264103    0.9996483   -0.0024177   -0.9163783    -0.9958486    0.0265205    0.0870763   88.2365478 
13.6867    0.0768375    0.0005307    0.9970435    5.1493574     0.0290730    0.9995734   -0.0027726   -0.9215194    -0.9966197    0.0292001    0.0767893   88.2667302 
13.7903    0.0688520    0.0010340    0.9976263    5.6777696     0.0309907    0.9995146   -0.0031748   -0.9268692    -0.9971454    0.0311357    0.0687866   88.2975022 
13.894    0.0631776    0.0013643    0.9980014    6.2226360     0.0324416    0.9994678   -0.0034200   -0.9303941    -0.9974749    0.0325928    0.0630997   88.3286245 
13.9977    0.0575205    0.0021638    0.9983420    6.7885676     0.0343154    0.9994025   -0.0041432   -0.9374560    -0.9977544    0.0344968    0.0574119   88.3581134 
14.1013    0.0517233    0.0029693    0.9986570    7.3677549     0.0350971    0.9993724   -0.0047893   -0.9378505    -0.9980445    0.0352976    0.0515867   88.3836228 
14.2049    0.0473702    0.0028874    0.9988732    7.9714969     0.0383068    0.9992549   -0.0047052   -0.9430259    -0.9981426    0.0384865    0.0472243   88.4079882 
14.3085    0.0446937    0.0028528    0.9989967    8.5917419     0.0401675    0.9991821   -0.0046504   -0.9469877    -0.9981929    0.0403350    0.0445426   88.4318288 
14.4123    0.0417723    0.0021589    0.9991248    9.2303154     0.0410399    0.9991500   -0.0038748   -0.9557950    -0.9982839    0.0411659    0.0416482   88.4566644 
14.5159    0.0394945    0.0017938    0.9992182    9.8897926     0.0428934    0.9990736   -0.0034889   -0.9593327    -0.9982987    0.0429977    0.0393809   88.4778050 
14.6197    0.0386678    0.0014679    0.9992510   10.5657118     0.0470331    0.9988879   -0.0032874   -0.9625685    -0.9981446    0.0471250    0.0385558   88.4989058 
14.7233    0.0396663    0.0008168    0.9992126   11.2617036     0.0507167    0.9987091   -0.0028297   -0.9671834    -0.9979250    0.0507890    0.0395736   88.5215466 
14.8269    0.0420030    0.0004257    0.9991174   11.9630395     0.0524290    0.9986212   -0.0026296   -0.9762052    -0.9977409    0.0524932    0.0419227   88.5516472 
14.9305    0.0458815   -0.0000219    0.9989469   12.6823568     0.0556995    0.9984444   -0.0025364   -0.9861325    -0.9973928    0.0557573    0.0458114   88.5856886 
15.0341    0.0502680   -0.0007552    0.9987355   13.4224577     0.0567998    0.9983834   -0.0021039   -0.9914451    -0.9971193    0.0568337    0.0502297   88.6255800 
15.1378    0.0544784   -0.0027179    0.9985112   14.1878618     0.0591283    0.9982503   -0.0005088   -0.9993925    -0.9967627    0.0590680    0.0545438   88.6636114 
15.2415    0.0585320   -0.0044836    0.9982755   14.9561338     0.0593728    0.9982354    0.0010022   -1.0075906    -0.9965184    0.0592117    0.0586949   88.7131907 
15.3451    0.0629265   -0.0066514    0.9979960   15.7393066     0.0567985    0.9983809    0.0030727   -1.0124178    -0.9964006    0.0564914    0.0632024   88.7664014 
15.4488    0.0670229   -0.0079171    0.9977200   16.5341221     0.0565097    0.9983935    0.0041264   -1.0180515    -0.9961499    0.0561043    0.0673626   88.8254078 
15.5526    0.0713892   -0.0070288    0.9974238   17.3355346     0.0541962    0.9985253    0.0031575   -1.0258495    -0.9959751    0.0538312    0.0716649   88.8869821 
15.6562    0.0745285   -0.0033917    0.9972131   18.1378406     0.0522792    0.9986324   -0.0005106   -1.0400841    -0.9958476    0.0521716    0.0746039   88.9545755 
15.7599    0.0760850    0.0016997    0.9970999   18.9443179     0.0469233    0.9988845   -0.0052833   -1.0517514    -0.9959966    0.0471892    0.0759204   89.0276113 
15.8636    0.0760028    0.0045153    0.9970974   19.7669990     0.0448389    0.9989627   -0.0079416   -1.0676297    -0.9960989    0.0453123    0.0757215   89.0951320 
15.9674    0.0763545    0.0039814    0.9970728   20.5833405     0.0427529    0.9990593   -0.0072633   -1.0814134    -0.9961637    0.0431824    0.0761124   89.1647791 
16.071    0.0763875    0.0022951    0.9970756   21.4051455     0.0404825    0.9991656   -0.0054013   -1.0961292    -0.9962561    0.0407767    0.0762308   89.2410837 
16.1747    0.0761266    0.0006072    0.9970980   22.2313458     0.0415374    0.9991298   -0.0037797   -1.1168273    -0.9962326    0.0417046    0.0760351   89.3030245 
16.2784    0.0767403   -0.0002221    0.9970511   23.0566987     0.0398803    0.9992004   -0.0028469   -1.1324954    -0.9962532    0.0399811    0.0766878   89.3721407 
16.3821    0.0767539    0.0002066    0.9970500   23.8686176     0.0386449    0.9992479   -0.0031819   -1.1491368    -0.9963009    0.0387752    0.0766882   89.4481062 
16.4857    0.0769641    0.0006578    0.9970336   24.6824031     0.0359099    0.9993491   -0.0034313   -1.1654005    -0.9963870    0.0360675    0.0768904   89.5179417 
16.5893    0.0755983    0.0018068    0.9971367   25.4951917     0.0333238    0.9994352   -0.0043374   -1.1834422    -0.9965814    0.0335563    0.0754954   89.5938792 
16.6931    0.0728537    0.0013359    0.9973417   26.3097406     0.0303184    0.9995340   -0.0035535   -1.1960472    -0.9968817    0.0304967    0.0727793   89.6581717 
16.7967    0.0687310    0.0003411    0.9976352   27.1172006     0.0283080    0.9995966   -0.0022920   -1.2051360    -0.9972335    0.0283985    0.0686936   89.7259398 
16.9004    0.0640727   -0.0017978    0.9979436   27.9300908     0.0261140    0.9996590    0.0001242   -1.2181539    -0.9976035    0.0260524    0.0640978   89.7829409 
17.0042    0.0579594   -0.0039047    0.9983113   28.7439266     0.0244389    0.9996982    0.0024913   -1.2301074    -0.9980198    0.0242532    0.0580373   89.8335259 
17.1079    0.0505757   -0.0037752    0.9987131   29.5576940     0.0237546    0.9997145    0.0025760   -1.2446123    -0.9984377    0.0235937    0.0506510   89.8776897 
17.2116    0.0421958   -0.0029749    0.9991049   30.3607731     0.0239017    0.9997124    0.0019673   -1.2550862    -0.9988234    0.0237973    0.0422547   89.9078227 
17.3154    0.0323481   -0.0026197    0.9994732   31.1620081     0.0240714    0.9997085    0.0018412   -1.2641134    -0.9991868    0.0239992    0.0324017   89.9305823 
17.4191    0.0221938   -0.0035544    0.9997474   31.9632037     0.0253193    0.9996749    0.0029920   -1.2712161    -0.9994330    0.0252465    0.0222766   89.9472729 
17.5229    0.0116733   -0.0044572    0.9999219   32.7599612     0.0246508    0.9996874    0.0041684   -1.2806424    -0.9996280    0.0246002    0.0117796   89.9548717 
17.6265    0.0006154   -0.0055532    0.9999844   33.5489463     0.0256952    0.9996545    0.0055355   -1.2897779    -0.9996696    0.0256913    0.0007578   89.9517906 
17.7302   -0.0102782   -0.0053334    0.9999330   34.3315223     0.0256701    0.9996548    0.0055958   -1.2996836    -0.9996176    0.0257259   -0.0101377   89.9426535 
17.8338   -0.0210956   -0.0044912    0.9997674   35.1151977     0.0261752    0.9996447    0.0050430   -1.3050154    -0.9994348    0.0262755   -0.0209706   89.9230835 
17.9375   -0.0314705   -0.0031429    0.9994997   35.8958065     0.0270199    0.9996269    0.0039941   -1.3075547    -0.9991394    0.0271321   -0.0313739   89.8985365 
18.0412   -0.0415343   -0.0016994    0.9991356   36.6594693     0.0285305    0.9995888    0.0028862   -1.3058988    -0.9987297    0.0286257   -0.0414687   89.8649036 
18.1448   -0.0509928   -0.0015620    0.9986978   37.4266564     0.0295734    0.9995579    0.0030734   -1.3255797    -0.9982611    0.0296916   -0.0509240   89.8255434 
18.2486   -0.0606825   -0.0007982    0.9981568   38.1923049     0.0298470    0.9995511    0.0026139   -1.3328712    -0.9977108    0.0299506   -0.0606314   89.7785527 
18.3522   -0.0703140   -0.0004523    0.9975248   38.9346476     0.0306205    0.9995277    0.0026116   -1.3412435    -0.9970548    0.0307283   -0.0702669   89.7321324 
18.4559   -0.0789919   -0.0012236    0.9968745   39.6801274     0.0318164    0.9994867    0.0037479   -1.3546268    -0.9963674    0.0320130   -0.0789124   89.6750358 
18.5596   -0.0865448   -0.0019232    0.9962461   40.4127321     0.0333772    0.9994312    0.0048289   -1.3557850    -0.9956887    0.0336698   -0.0864314   89.6138314 
18.6633   -0.0920548   -0.0037288    0.9957470   41.1346462     0.0360768    0.9993240    0.0070774   -1.3648519    -0.9951002    0.0365749   -0.0918580   89.5468723 
18.7669   -0.0954755   -0.0058331    0.9954147   41.8448002     0.0392106    0.9991847    0.0096161   -1.3779674    -0.9946592    0.0399489   -0.0951689   89.4684247 
18.8705   -0.0981637   -0.0070282    0.9951455   42.5492764     0.0409121    0.9991012    0.0110918   -1.3835800    -0.9943290    0.0418024   -0.0977880   89.3963211 
18.9741   -0.0999063   -0.0081713    0.9949633   43.2362201     0.0411869    0.9990752    0.0123408   -1.3928268    -0.9941440    0.0422124   -0.0994773   89.3285561 
19.0777   -0.1007010   -0.0079539    0.9948849   43.9103631     0.0416388    0.9990582    0.0122019   -1.3968817    -0.9940450    0.0426546   -0.1002749   89.2640695 
19.1814   -0.0996582   -0.0065600    0.9950001   44.5713034     0.0430287    0.9990144    0.0108961   -1.3926810    -0.9940909    0.0438995   -0.0992778   89.1975864 
19.285   -0.0966368   -0.0050499    0.9953069   45.2140901     0.0444643    0.9989669    0.0093856   -1.4006766    -0.9943260    0.0451626   -0.0963124   89.1357052 
19.3887   -0.0911821   -0.0044825    0.9958241   45.8388057     0.0451996    0.9989407    0.0086352   -1.4037157    -0.9948079    0.0457982   -0.0908829   89.0786849 
19.4922   -0.0829509   -0.0040313    0.9965455   46.4427833     0.0451498    0.9989498    0.0077992   -1.4134873    -0.9955303    0.0456407   -0.0826817   89.0327502 
19.5958   -0.0718157   -0.0038745    0.9974104   47.0239651     0.0444700    0.9989856    0.0070826   -1.4151171    -0.9964261    0.0448634   -0.0715705   89.0012637 
19.6994   -0.0580146   -0.0034750    0.9983097   47.5879676     0.0445275    0.9989898    0.0060649   -1.4220535    -0.9973222    0.0448040   -0.0578012   88.9793565 
19.8029   -0.0407093   -0.0019695    0.9991691   48.1301688     0.0445606    0.9989995    0.0037847   -1.4272992    -0.9981769    0.0446776   -0.0405808   88.9708591 
19.9065   -0.0194383    0.0004108    0.9998110   48.6539125     0.0435666    0.9990504    0.0004365   -1.4385716    -0.9988614    0.0435669   -0.0194378   88.9767155 
20.01    0.0050985    0.0033260    0.9999815   49.1696298     0.0422153    0.9991023   -0.0035383   -1.4502843    -0.9990955    0.0422326    0.0049535   89.0011207 
20.1135    0.0337046    0.0045847    0.9994213   49.6844682     0.0414581    0.9991223   -0.0059814   -1.4666472    -0.9985716    0.0416357    0.0334850   89.0345987 
20.2171    0.0669520    0.0038196    0.9977489   50.1948774     0.0397849    0.9991872   -0.0064948   -1.4810780    -0.9969627    0.0401302    0.0667456   89.0897333 
20.3206    0.1052372    0.0013707    0.9944462   50.7031197     0.0392124    0.9992156   -0.0055270   -1.4930703    -0.9936737    0.0395763    0.1051009   89.1617482 
20.4241    0.1473452   -0.0034674    0.9890791   51.2051597     0.0368576    0.9993186   -0.0019875   -1.5176527    -0.9883982    0.0367479    0.1473725   89.2619271 
20.5275    0.1924706   -0.0088506    0.9812628   51.7012333     0.0353066    0.9993743    0.0020888   -1.5382835    -0.9806674    0.0342430    0.1926627   89.3853028 
20.631    0.2404410   -0.0119252    0.9705905   52.1696206     0.0316045    0.9994905    0.0044511   -1.5491226    -0.9701491    0.0296048    0.2406954   89.5391643 
20.7344    0.2917887   -0.0134885    0.9563877   52.6369760     0.0293447    0.9995561    0.0051444   -1.5569771    -0.9560326    0.0265638    0.2920550   89.7154085 
20.838    0.3466691   -0.0143090    0.9378783   53.0839591     0.0296148    0.9995521    0.0043034   -1.5699410    -0.9375199    0.0262833    0.3469376   89.9104179 
20.9415    0.4041989   -0.0139656    0.9145645   53.5125863     0.0318571    0.9994917    0.0011830   -1.5835994    -0.9141162    0.0286572    0.4044384   90.1297761 
21.045    0.4637068   -0.0111123    0.8859190   53.9216519     0.0336370    0.9994213   -0.0050703   -1.5994100    -0.8853500    0.0321508    0.4638122   90.3785931 
21.1484    0.5227812   -0.0073975    0.8524348   54.3056660     0.0352401    0.9992951   -0.0129401   -1.6089170    -0.8517382    0.0368047    0.5226734   90.6509738 
21.2519    0.5800894   -0.0037644    0.8145441   54.6573339     0.0322436    0.9993117   -0.0183445   -1.6245462    -0.8139144    0.0369053    0.5798115   90.9558624 
21.3554    0.6355303   -0.0015363    0.7720744   55.0002735     0.0294360    0.9993192   -0.0222417   -1.6407917    -0.7715146    0.0368620    0.6351428   91.2884306 
21.459    0.6872440   -0.0005195    0.7264265   55.3089853     0.0285350    0.9992472   -0.0262813   -1.6514896    -0.7258660    0.0387903    0.6867415   91.6409164 
21.5627    0.7357135   -0.0033533    0.6772846   55.6016342     0.0293800    0.9992045   -0.0269675   -1.6718671    -0.6766553    0.0397389    0.7352268   92.0045003 
21.6664    0.7798773   -0.0068621    0.6258949   55.8552048     0.0281630    0.9993119   -0.0241356   -1.6850981    -0.6252986    0.0364499    0.7795339   92.3908426 
21.7701    0.8202017   -0.0118888    0.5719508   56.0910531     0.0280687    0.9994162   -0.0194774   -1.6961620    -0.5713854    0.0320293    0.8200566   92.8024207 
21.874    0.8558922   -0.0141577    0.5169605   56.2983597     0.0260076    0.9995387   -0.0156850   -1.7055578    -0.5164999    0.0268696    0.8558656   93.2270531 
21.9777    0.8862419   -0.0177927    0.4628809   56.4798505     0.0253646    0.9996269   -0.0101388   -1.7225679    -0.4625278    0.0207262    0.8863625   93.6649427 
22.0814    0.9109724   -0.0174865    0.4120966   56.6268307     0.0220020    0.9997386   -0.0062154   -1.7423417    -0.4118802    0.0147291    0.9111190   94.1037770 
22.1853    0.9304926   -0.0156057    0.3659782   56.7639477     0.0184860    0.9998196   -0.0043670   -1.7575884    -0.3658440    0.0108290    0.9306132   94.5588926 
22.2892    0.9452917   -0.0099584    0.3260743   56.8742792     0.0115004    0.9999299   -0.0028015   -1.7747006    -0.3260235    0.0063982    0.9453400   95.0236732 
22.3932    0.9567448   -0.0058631    0.2908693   56.9777725     0.0076430    0.9999584   -0.0049836   -1.7806348    -0.2908279    0.0069912    0.9567498   95.4932163 
22.4972    0.9656140   -0.0039830    0.2599496   57.0828688     0.0056981    0.9999667   -0.0058447   -1.7867738    -0.2599176    0.0071250    0.9656045   95.9710835 
22.6013    0.9713130   -0.0101130    0.2375894   57.1890658     0.0119757    0.9999078   -0.0063979   -1.7955272    -0.2375028    0.0090596    0.9713446   96.4455595 
22.7055    0.9749001   -0.0130753    0.2222586   57.2865788     0.0148079    0.9998716   -0.0061307   -1.8095660    -0.2221499    0.0092680    0.9749685   96.9262316 
22.8096    0.9777505   -0.0087844    0.2095871   57.3725266     0.0104702    0.9999211   -0.0069350   -1.8164755    -0.2095096    0.0089751    0.9777654   97.4172004 
22.9137    0.9798517   -0.0039760    0.1996871   57.4605404     0.0054269    0.9999627   -0.0067194   -1.8192300    -0.1996529    0.0076677    0.9798367   97.9219519 
23.0176    0.9810273    0.0040739    0.1938266   57.5391391    -0.0024658    0.9999605   -0.0085370   -1.8197759    -0.1938537    0.0078971    0.9809987   98.4287922 
23.1217    0.9815353    0.0099177    0.1910241   57.6281551    -0.0077863    0.9998988   -0.0119051   -1.8347109    -0.1911228    0.0101979    0.9815132   98.9448345 
23.2257    0.9817183    0.0109134    0.1900267   57.7333275    -0.0083988    0.9998663   -0.0140334   -1.8538795    -0.1901544    0.0121808    0.9816786   99.4663126 
