0.103736    0.9999905   -0.0027299   -0.0033950   -0.0010976     0.0027234    0.9999945   -0.0019022   -0.0068837     0.0034002    0.0018930    0.9999924    0.6765977 
0.207338    0.9999709   -0.0019753   -0.0073642   -0.0154825     0.0019527    0.9999934   -0.0030697   -0.0149173     0.0073702    0.0030553    0.9999682    1.3756507 
0.311075    0.9999311   -0.0030479   -0.0113339   -0.0301900     0.0030011    0.9999869   -0.0041459   -0.0250044     0.0113464    0.0041116    0.9999272    2.0910963 
0.414692    0.9998647   -0.0020719   -0.0163181   -0.0496375     0.0019983    0.9999878   -0.0045233   -0.0317718     0.0163273    0.0044901    0.9998566    2.8206407 
0.51843    0.9997806   -0.0031112   -0.0207147   -0.0705296     0.0030167    0.9999849   -0.0045888   -0.0406399     0.0207287    0.0045253    0.9997749    3.5610827 
0.622045    0.9996767   -0.0012776   -0.0253955   -0.0954906     0.0011249    0.9999812   -0.0060277   -0.0498944     0.0254028    0.0059971    0.9996593    4.3189219 
0.725798    0.9995428    0.0013163   -0.0302079   -0.1305928    -0.0015079    0.9999789   -0.0063204   -0.0615322     0.0301990    0.0063631    0.9995237    5.0937097 
0.82942    0.9994166    0.0020152   -0.0340937   -0.1679160    -0.0021673    0.9999879   -0.0044269   -0.0754121     0.0340844    0.0044983    0.9994088    5.8736806 
0.933147    0.9992535    0.0011694   -0.0386142   -0.2030369    -0.0012320    0.9999980   -0.0015978   -0.0856204     0.0386123    0.0016442    0.9992529    6.6863225 
1.03691    0.9991106    0.0010793   -0.0421526   -0.2408810    -0.0010427    0.9999991    0.0008903   -0.0920799     0.0421535   -0.0008455    0.9991108    7.4986621 
1.1405    0.9989849    0.0029144   -0.0449509   -0.2830630    -0.0029017    0.9999957    0.0003488   -0.1011081     0.0449518   -0.0002180    0.9989891    8.3144400 
1.24424    0.9988957    0.0024287   -0.0469197   -0.3304799    -0.0024289    0.9999970    0.0000539   -0.1050882     0.0469197    0.0000601    0.9988987    9.1378877 
1.34798    0.9988103   -0.0014831   -0.0487427   -0.3691501     0.0014701    0.9999989   -0.0003016   -0.1154168     0.0487431    0.0002296    0.9988113    9.9761476 
1.4516    0.9986960   -0.0017986   -0.0510201   -0.4143196     0.0018195    0.9999983    0.0003625   -0.1210465     0.0510194   -0.0004549    0.9986976   10.8133686 
1.55521    0.9986195   -0.0029571   -0.0524433   -0.4621879     0.0029681    0.9999956    0.0001322   -0.1290024     0.0524427   -0.0002877    0.9986239   11.6635659 
1.65896    0.9985164   -0.0010797   -0.0544419   -0.5126745     0.0009623    0.9999972   -0.0021835   -0.1378640     0.0544441    0.0021279    0.9985146   12.5268276 
1.76257    0.9984170   -0.0009895   -0.0562362   -0.5614820     0.0007255    0.9999886   -0.0047142   -0.1447948     0.0562402    0.0046659    0.9984064   13.3922577 
1.8663    0.9983158    0.0030352   -0.0579347   -0.6239268    -0.0033985    0.9999752   -0.0061721   -0.1560572     0.0579145    0.0063586    0.9983013   14.2695160 
1.96992    0.9982528    0.0034836   -0.0589856   -0.6816466    -0.0038366    0.9999754   -0.0058728   -0.1662503     0.0589637    0.0060888    0.9982416   15.1645629 
2.07367    0.9981687    0.0023494   -0.0604459   -0.7367603    -0.0026013    0.9999883   -0.0040899   -0.1827481     0.0604356    0.0042396    0.9981631   16.0642900 
2.17728    0.9980903    0.0032939   -0.0616832   -0.8020319    -0.0034649    0.9999904   -0.0026665   -0.1914415     0.0616738    0.0028751    0.9980922   16.9603626 
2.28102    0.9980416    0.0024759   -0.0625050   -0.8650934    -0.0026248    0.9999939   -0.0023006   -0.2071196     0.0624989    0.0024602    0.9980420   17.8658425 
2.38464    0.9979223    0.0022208   -0.0643912   -0.9206508    -0.0023973    0.9999936   -0.0026643   -0.2230452     0.0643849    0.0028131    0.9979212   18.7727164 
2.48825    0.9978565    0.0009745   -0.0654332   -0.9833479    -0.0012019    0.9999934   -0.0034362   -0.2303388     0.0654294    0.0035075    0.9978510   19.6818500 
2.59199    0.9978133    0.0005899   -0.0660922   -1.0428525    -0.0006954    0.9999985   -0.0015732   -0.2420622     0.0660911    0.0016157    0.9978123   20.6153296 
2.69583    0.9978132    0.0019721   -0.0660682   -1.1106226    -0.0018645    0.9999968    0.0016893   -0.2513429     0.0660713   -0.0015624    0.9978137   21.5401177 
